28  21.6 11.8 12.1 12.6  +11 +22 +31   17  30  40
29  71.1 11.8 12.4 13.4  +16 +30 +50   22  38  61
30  39.9 11.8 12.3 13.2  +14 +28 +40   20  36  49
31  33.2 11.8 12.2 13.1  +15 +22 +39   20  31  47
32  66.4 11.8 12.3 13.1  +17 +29 +42   23  37  51
33  35.0 11.9 12.1 13.8  +10 +20 +31   16  29  42
34  43.3 11.8 12.3 13.4  +13 +25 +39   19  34  47
35   0.0  0.0  0.0  0.0   +0  +0  +0    0   0   0
36   0.0  0.0  0.0  0.0   +0  +0  +0    0   0   0
37  46.7 11.8 12.3 13.2  +11 +25 +36   17  33  43
38  39.6 11.8 12.2 13.1  +13 +26 +38   19  34  45
39  48.3 11.8 12.3 13.0   +8 +22 +35   14  30  43
40  25.6 11.8 12.2 12.8  +12 +22 +32   17  30  41
41  27.9 11.8 12.2 13.1  +12 +22 +34   17  30  43
42  39.0 11.9 12.2 13.5   +0 +23 +34   18  32  43
43  29.7 11.9 12.3 13.6   +0 +11 +30    7  19  38
44  35.6 11.9 12.3 14.5   +0 +13 +26   10  21  36
45  19.3 11.9 12.2 12.8   +0  +9 +23    7  17  32
46   8.2 11.9 12.1 12.8   +6 +10 +22   12  18  31
47   3.1 11.9 12.3 12.7   +5 +11 +21   11  19  30
